10,20,70,10,20,70
10,20,70,10,20,70
10,30,60,20,50,30
10,30
10,2
10,2
10,2,4
10,15
10,20,70,10,20,70
10,20,70,10,20,70
10,20,70,10,20,70
10,10,10
10,10,10
0,1,10,8
0,1,10,8
0,2,8,6
0,2,8,6
0,2,8,6
0,2,8,6

0,2,8,6
0,2,8,6
0,2,8,6

0,2,8,6
0,2,8,6
0,2,8,6
0,8,8,6
0,8,8,6
0,2,8,6
0,8,8,6
0,8,8,6,10,12,10,12
0,8,8,6,10,12,10,12
0,8,8,6,10,50,10,50
0,8,8,6,10,50,10,50
0,8,8,6,10,50,10,50
0,8,8,6,10,150,10,50
0,8,8,6,10,150,10,50
0,8,8,6,10,150,10,50
0,8,8,6,10,150,10,50
0,8,8,6,10,150,10,50
0,8,8,6,10,150,10,50
0,8,8,6,10,150,10,50
0,8,8,6,10,150,10,50
0,8,8,6,10,150,10,50
0,8,8,6,10,12,10,12
0,8,8,6,10,12,10,12
0,8,8,6,10,12,10,12
0,8,8,6,10,12,10,12
0,8,8,6,10,12,10,12
0,8,8,6,10,12,10,12
0,8,8,6,10,12,10,12
0,8,8,6,10,12,10,12
0,8,8,6,10,150,10,50
0,8,8,6,10,12,10,12
0,8,8,6,10,12,10,12
0,8,8,6,10,12,10,12
aada
0,8,8,6,10,12,10,12
0,8,8,6,10,12,10,12
0,8,8,6,10,12,10,12
0,8,8,6,10,12,10,12
0,8,8,6,10,12,10,12
0,9,8,6,10,12,10,10
1,2,3,4,5,6,7,8
0,4,3,7,9,5,4,9
0,3,3,7,9,5,4,9
0,3,3,7,9,5,4,9,2,5,5,1
0,3,3,7,9,5,4,9,2,5,5,1
0,3,3,7,9,5,4,9,2,5,5,1
0,3,3,7,9,5,4,9,2,5,5,2
0,3,3,7,9,5,4,9,2,5,5,2
0,3,3,7,9,5,4,9,2,5,5,2
0,3,3,7,9,5,4,9,2,5,5,2
0,3,3,7,9,5,4,9,2,5,5,4
0,3,3,7,9,5,4,9,2,5,5,5
0,3,3,7,9,5,4,9,2,5,5,5
0,3,3,7,9,5,4,9,2,5,5,5
0,3,3,7,9,5,4,9,2,5,5,5
0,3,3,7,9,5,4,9,2,5,5,6
0,3,3,7,9,5,4,9,2,5,5,6
0,3,3,7,9,5,4,9,2,5,5,6
0,3,3,7,9,5,4,9,2,5,5,6
0,3,3,7,9,10,4,9,2,5,5,6
0,3,3,7,9,8,4,9,2,5,5,6
0,3,3,7,9,8,4,9,2,5,5,6
0,3,3,7,9,8,4,9,2,5,5,6
1,3,3,7,9,8,4,9,2,5,5,6
2,3,3,7,9,8,4,9,2,5,5,6
3,3,3,7,9,12,4,9,2,5,5,6
2,3,3,7,9,8,4,9,2,5,5,6
2,2,3,7,9,8,4,9,2,5,5,6
2,2,3,7,9,8,4,9,2,5,5,3
2,2,3,7,9,8,4,9,2,5,5,4
2,2,3,7,9,8,4,9,2,5,5,5
2,2,3,7,9,8,4,9,2,5,5,3
2,2,3,7,9,8,4,9,2,5,5,5
2,2,3,7,9,8,4,9,2,5,5,5
2,2,3,7,9,8,4,9,2,5,5,5
2,2,3,7,9,8,4,9,2,5,5,5
2,2,3,7,9,8,4,9,2,5,5,5
2,2,3,7,9,8,4,9,2,5,5,5

2,2,3,3,9,8,4,9,2,5,5,5
2,2,3,3,9,8,4,9,2,5,5,5
2,2,3,3,9,8,4,9,2,5,5,5
2,2,3,3,9,8,4,9,10,5,5,5
2,2,3,3,9,8,4,9,5,5,5,5
2,2,3,3,9,8,4,9,5,5,5,5
2,2,3,3,9,8,4,9,5,5,5,5
2,2,3,3,9,8,4,9,5,5,5,5
2,2,3,3,9,8,4,9,5,5,5,5
2,2,3,3,9,8,4,9,5,5,5,5
2,2,3,3,9,8,4,9,5,5,5,5
2,2,3,3,9,8,4,9,5,5,5,5
2,2,3,3,9,8,4,9,5,5,5,5
2,2,3,3,9,8,4,9,5,5,5,5
2,2,3,3,9,8,4,9,5,5,5,5
2,2,3,5,9,8,4,9,5,5,5,5
2,2,3,3,9,10,4,9,5,5,5,5
2,2,3,3,9,8,4,9,5,5,5,5
2,2,3,3,9,8,4,9,5,5,5,5
2,2,3,3,9,8,4,9,5,5,5,5
2,2,3,3,9,8,4,9,5,5,5,3.5
2,2,3,3,9,8,4,9,5,5,5,5
2,2,3,3,9,8,4,9,5,5,5,5
2,2,3,3,9,8,4,9,5,5,5,5
2,2,3,3,9,8,4,9,5,5,5,5
2,2,3,3,9,8,4,9,5,5,5,3.5
2,2,3,3,9,8,4,9,5,5,5,5
2,2,3,3,9,8,4,9,5,5,5,3
2,2,3,3,9,8,4,9,5,5,5,3
2,2,3,3,9,8,4,9,5,5,5,3
2,2,3,3,9,8,4,9,5,5,5,3

2,2,3,3,10,15,4,9,5,5,5,3,1,0,0
2,2,3,3,10,15,4,9,5,5,5,3,1,0,0
2,2,3,3,10,15,4,9,5,5,5,3,1,0,0
2,2,3,3,10,15,4,9,5,5,5,3,1,0,0
2,2,3,3,10,15,4,9,5,5,5,3,1,0,0

2,2,3,3,10,15,4,9,5,5,5,3,1,0,0
2,2,3,3,10,15,4,9,5,5,5,3,1,0,0

2,2,3,3,10,15,4,9,5,5,5,3,1,0,0
2,2,3,3,10,15,4,9,5,5,5,3,1,0,0
2,2,3,3,10,15,4,9,5,5,5,3,1,0,0

2,2,3,3,10,15,4,9,5,5,5,3,1,0,0
2,2,3,3,10,15,4,9,5,5,5,3,1,0,0
2,2,3,3,10,15,4,9,5,5,5,3,1,0,0
2,2,3,3,10,15,4,9,5,5,5,5,1,0,0
2,2,3,3,10,15,4,9,5,5,5,5,1,0,0
2,2,3,3,10,15,4,9,5,5,5,5,1,0,0
2,2,3,3,10,15,4,9,5,5,5,5,1,0,0
1,1,3,3,10,15,4,9,5,5,5,5,1,0,0
1,3,3,3,10,15,4,9,5,5,5,5,1,0,0
1,4,3,3,10,15,4,9,5,5,5,5,1,0,0
1,3,3,2,10,15,4,9,5,5,5,5,1,0,0
1,5,3,4,10,15,4,9,5,5,5,5,1,0,0
2,5,3,4,10,15,6,9,5,5,5,5,1,0,0
3,5,3,4,15,15,6,9,5,5,5,5,1,0,0
4,5,3,4,18,15,6,9,5,5,5,5,1,0,0
6,5,3,4,18,18,6,9,5,5,5,5,1,0,0
6,5,3,4,18,18,6,9,5,5,5,5,1,0,0
7,5,3,4,18,8,6,9,5,5,5,5,1,0,0
1,1,277.77777777777777,0.0,277.77777777777777,0.0,200000.0,400000.0,800000.0,1000000.0,1200000.0,0.0,Slab1,0.0,0.0
1,2,555.5555555555555,0.0,555.5555555555555,0.0,200000.0,400000.0,800000.0,1000000.0,1200000.0,0.0,Slab1,0.0,0.0
1,3,833.3333333333333,0.0,833.3333333333333,0.0,200000.0,400000.0,800000.0,1000000.0,1200000.0,0.0,Slab1,0.0,0.0
1,4,1111.111111111111,0.0,1111.111111111111,0.0,200000.0,400000.0,800000.0,1000000.0,1200000.0,0.0,Slab1,0.0,0.0
1,5,1388.888888888889,0.0,1388.888888888889,0.0,200000.0,400000.0,800000.0,1000000.0,1200000.0,0.0,Slab1,0.0,0.0
1,6,1666.6666666666667,0.0,1666.6666666666667,0.0,200000.0,400000.0,800000.0,1000000.0,1200000.0,0.0,Slab1,0.0,0.0
1,7,1944.4444444444446,0.0,1944.4444444444446,0.0,200000.0,400000.0,800000.0,1000000.0,1200000.0,0.0,Slab1,0.0,0.0
1,8,2222.222222222222,0.0,2222.222222222222,0.0,200000.0,400000.0,800000.0,1000000.0,1200000.0,0.0,Slab1,0.0,0.0
1,9,2500.0,0.0,2500.0,0.0,200000.0,400000.0,800000.0,1000000.0,1200000.0,0.0,Slab1,0.0,0.0
1,10,2777.777777777778,0.0,2777.777777777778,0.0,200000.0,400000.0,800000.0,1000000.0,1200000.0,0.0,Slab1,0.0,0.0
1,11,3055.5555555555557,0.0,3055.5555555555557,0.0,200000.0,400000.0,800000.0,1000000.0,1200000.0,0.0,Slab1,0.0,0.0
1,12,3333.3333333333335,986.25,3333.3333333333335,986.25,200000.0,400000.0,800000.0,1000000.0,1200000.0,986.25,Slab1,3945.0,3945.0
1,13,2624.8611111111113,2048.75,3611.1111111111113,3035.0,200000.0,400000.0,800000.0,1000000.0,1200000.0,3035.0,Slab1,8195.0,12140.0
1,14,853.8888888888891,2043.75,3888.888888888889,5078.75,200000.0,400000.0,800000.0,1000000.0,1200000.0,5078.75,Slab1,8175.0,20315.0
1,1,277.77777777777777,0.0,277.77777777777777,0.0,200000.0,400000.0,800000.0,1000000.0,1200000.0,0.0,Slab1,0.0,0.0
1,2,555.5555555555555,0.0,555.5555555555555,0.0,200000.0,400000.0,800000.0,1000000.0,1200000.0,0.0,Slab1,0.0,0.0
1,3,833.3333333333333,0.0,833.3333333333333,0.0,200000.0,400000.0,800000.0,1000000.0,1200000.0,0.0,Slab1,0.0,0.0
1,4,1111.111111111111,0.0,1111.111111111111,0.0,200000.0,400000.0,800000.0,1000000.0,1200000.0,0.0,Slab1,0.0,0.0
1,5,1388.888888888889,0.0,1388.888888888889,0.0,200000.0,400000.0,800000.0,1000000.0,1200000.0,0.0,Slab1,0.0,0.0
1,6,1666.6666666666667,0.0,1666.6666666666667,0.0,200000.0,400000.0,800000.0,1000000.0,1200000.0,0.0,Slab1,0.0,0.0
1,7,1944.4444444444446,0.0,1944.4444444444446,0.0,200000.0,400000.0,800000.0,1000000.0,1200000.0,0.0,Slab1,0.0,0.0
1,8,2222.222222222222,0.0,2222.222222222222,0.0,200000.0,400000.0,800000.0,1000000.0,1200000.0,0.0,Slab1,0.0,0.0
1,9,2500.0,0.0,2500.0,0.0,200000.0,400000.0,800000.0,1000000.0,1200000.0,0.0,Slab1,0.0,0.0
1,10,2777.777777777778,0.0,2777.777777777778,0.0,200000.0,400000.0,800000.0,1000000.0,1200000.0,0.0,Slab1,0.0,0.0
1,11,3055.5555555555557,0.0,3055.5555555555557,0.0,200000.0,400000.0,800000.0,1000000.0,1200000.0,0.0,Slab1,0.0,0.0
1,12,3333.3333333333335,986.25,3333.3333333333335,986.25,200000.0,400000.0,800000.0,1000000.0,1200000.0,986.25,Slab1,3945.0,3945.0